80 0.082222 0.740000 0.155556 0.324444
80 0.300000 0.711111 0.164444 0.328889
80 0.660000 0.831111 0.155556 0.284444
80 0.468889 0.604444 0.120000 0.257778
80 0.433333 0.431111 0.120000 0.177778
80 0.177778 0.397778 0.222222 0.226667
80 0.535556 0.331111 0.146667 0.164444
80 0.862222 0.433333 0.106667 0.173333
80 0.762222 0.482222 0.102222 0.208889
80 0.277778 0.213333 0.120000 0.160000
80 0.446667 0.260000 0.066667 0.120000
80 0.395556 0.155556 0.080000 0.115556
80 0.444444 0.095556 0.097778 0.111111
80 0.262222 0.113333 0.071111 0.102222