80 0.323377 0.762500 0.220779 0.303571
80 0.664935 0.825000 0.368831 0.264286
80 0.945455 0.840179 0.109091 0.241071
80 0.228571 0.628571 0.238961 0.189286
80 0.266234 0.493750 0.200000 0.144643
80 0.119481 0.516964 0.233766 0.162500
80 0.110390 0.622321 0.215584 0.151786
80 0.453247 0.562500 0.194805 0.182143
80 0.793506 0.609821 0.257143 0.108929
80 0.749351 0.659821 0.329870 0.166071
80 0.215584 0.416071 0.150649 0.107143
80 0.576623 0.455357 0.109091 0.096429
80 0.420779 0.446429 0.088312 0.121429
80 0.735065 0.437500 0.109091 0.128571
80 0.670130 0.455357 0.088312 0.107143
80 0.853247 0.434821 0.111688 0.112500
80 0.897403 0.516964 0.148052 0.101786
80 0.101299 0.358929 0.109091 0.082143
80 0.685714 0.375000 0.109091 0.089286