81 0.023047 0.367608 0.044531 0.162634
81 0.089844 0.392473 0.062500 0.147849
81 0.078125 0.497984 0.046875 0.122312
81 0.163672 0.439516 0.055469 0.139785
81 0.267188 0.472446 0.048438 0.119624
81 0.307812 0.503360 0.081250 0.103495
81 0.358203 0.439516 0.057031 0.120968
81 0.403906 0.504704 0.059375 0.135753
81 0.474609 0.504032 0.063281 0.134409
81 0.560156 0.482527 0.071875 0.145161
81 0.594141 0.414651 0.050781 0.103495
81 0.728906 0.427419 0.051562 0.153226
81 0.785937 0.409946 0.054688 0.155914
81 0.863281 0.380376 0.050000 0.139785
81 0.961719 0.348790 0.045312 0.146505
81 0.698047 0.411962 0.028906 0.127688