76 0.201982 0.664530 0.059451 0.094017
76 0.260671 0.615385 0.045732 0.059829
76 0.333841 0.594017 0.054878 0.055556
76 0.434451 0.591880 0.076220 0.136752
76 0.377287 0.688034 0.041159 0.051282
76 0.221799 0.763889 0.038110 0.040598
76 0.254573 0.788462 0.042683 0.059829
76 0.307927 0.773504 0.036585 0.051282
76 0.449695 0.733974 0.042683 0.070513
76 0.677591 0.231838 0.108232 0.215812
76 0.813262 0.223291 0.096037 0.074786
76 0.926067 0.145299 0.096037 0.213675
76 0.683689 0.657051 0.038110 0.053419
76 0.971037 0.680556 0.051829 0.044872
76 0.327744 0.857906 0.036585 0.070513
76 0.600610 0.854701 0.064024 0.059829
76 0.628049 0.804487 0.051829 0.057692
76 0.469512 0.819444 0.064024 0.061966
76 0.399390 0.879274 0.033537 0.049145
76 0.556402 0.931624 0.057927 0.085470
76 0.541159 0.220085 0.024390 0.047009